FPLIB|C:\Users\Nitrox\OneDrive\Desktop\Altium_Portfolio\01-CAN-Sniffer-HAT\hardware\CAN_Sniffer_HAT.PcbLib
FOOTPRINT|SOIC-14_150MIL|14-lead SOIC, 150 mil body, 1.27 mm pitch
PAD|1|-106.30|150.00|0|Top Layer|1|0|0|0|0|61.02|23.62|2
PAD|2|-106.30|100.00|0|Top Layer|1|0|0|0|0|61.02|23.62|2
PAD|3|-106.30|50.00|0|Top Layer|1|0|0|0|0|61.02|23.62|2
PAD|4|-106.30|0.00|0|Top Layer|1|0|0|0|0|61.02|23.62|2
PAD|5|-106.30|-50.00|0|Top Layer|1|0|0|0|0|61.02|23.62|2
PAD|6|-106.30|-100.00|0|Top Layer|1|0|0|0|0|61.02|23.62|2
PAD|7|-106.30|-150.00|0|Top Layer|1|0|0|0|0|61.02|23.62|2
PAD|8|106.30|-150.00|0|Top Layer|1|0|0|0|0|61.02|23.62|2
PAD|9|106.30|-100.00|0|Top Layer|1|0|0|0|0|61.02|23.62|2
PAD|10|106.30|-50.00|0|Top Layer|1|0|0|0|0|61.02|23.62|2
PAD|11|106.30|0.00|0|Top Layer|1|0|0|0|0|61.02|23.62|2
PAD|12|106.30|50.00|0|Top Layer|1|0|0|0|0|61.02|23.62|2
PAD|13|106.30|100.00|0|Top Layer|1|0|0|0|0|61.02|23.62|2
PAD|14|106.30|150.00|0|Top Layer|1|0|0|0|0|61.02|23.62|2
TRACK|-72.77|-170.28|72.77|-170.28|8|Top Overlay
TRACK|72.77|-170.28|72.77|170.28|8|Top Overlay
TRACK|72.77|170.28|-72.77|170.28|8|Top Overlay
TRACK|-72.77|170.28|-72.77|-170.28|8|Top Overlay
TRACK|-136.81|173.62|-124.81|173.62|8|Top Overlay
ARC|-86.77|150.00|6|0|360|8|Top Overlay
FOOTPRINT|SOIC-8_150MIL|8-lead SOIC, 150 mil body, 1.27 mm pitch
PAD|1|-106.30|75.00|0|Top Layer|1|0|0|0|0|61.02|23.62|2
PAD|2|-106.30|25.00|0|Top Layer|1|0|0|0|0|61.02|23.62|2
PAD|3|-106.30|-25.00|0|Top Layer|1|0|0|0|0|61.02|23.62|2
PAD|4|-106.30|-75.00|0|Top Layer|1|0|0|0|0|61.02|23.62|2
PAD|5|106.30|-75.00|0|Top Layer|1|0|0|0|0|61.02|23.62|2
PAD|6|106.30|-25.00|0|Top Layer|1|0|0|0|0|61.02|23.62|2
PAD|7|106.30|25.00|0|Top Layer|1|0|0|0|0|61.02|23.62|2
PAD|8|106.30|75.00|0|Top Layer|1|0|0|0|0|61.02|23.62|2
TRACK|-72.77|-96.46|72.77|-96.46|8|Top Overlay
TRACK|72.77|-96.46|72.77|96.46|8|Top Overlay
TRACK|72.77|96.46|-72.77|96.46|8|Top Overlay
TRACK|-72.77|96.46|-72.77|-96.46|8|Top Overlay
TRACK|-136.81|98.62|-124.81|98.62|8|Top Overlay
ARC|-86.77|75.00|6|0|360|8|Top Overlay
FOOTPRINT|0805|0805 chip resistor/capacitor, hand-solder land
PAD|1|-46.75|0.00|0|Top Layer|1|0|0|0|0|64.96|55.12|2
PAD|2|46.75|0.00|0|Top Layer|1|0|0|0|0|64.96|55.12|2
TRACK|-16.00|30.00|16.00|30.00|8|Top Overlay
TRACK|-16.00|-30.00|16.00|-30.00|8|Top Overlay
FOOTPRINT|LED_0805|0805 LED, hand-solder land, pad 2 = cathode
PAD|1|-46.75|0.00|0|Top Layer|1|0|0|0|0|64.96|55.12|2
PAD|2|46.75|0.00|0|Top Layer|1|0|0|0|0|64.96|55.12|2
TRACK|-16.00|30.00|16.00|30.00|8|Top Overlay
TRACK|-16.00|-30.00|16.00|-30.00|8|Top Overlay
TRACK|89.23|-30.00|89.23|30.00|8|Top Overlay
FOOTPRINT|XTAL_3225_4P|3.2 x 2.5 mm 4-pad crystal - VERIFY against ordered part
PAD|1|-43.31|-33.46|0|Top Layer|1|0|0|0|0|47.24|43.31|2
PAD|2|43.31|-33.46|0|Top Layer|1|0|0|0|0|47.24|43.31|2
PAD|3|43.31|33.46|0|Top Layer|1|0|0|0|0|47.24|43.31|2
PAD|4|-43.31|33.46|0|Top Layer|1|0|0|0|0|47.24|43.31|2
TRACK|-62.99|-49.21|62.99|-49.21|8|Top Overlay
TRACK|62.99|-49.21|62.99|49.21|8|Top Overlay
TRACK|62.99|49.21|-62.99|49.21|8|Top Overlay
TRACK|-62.99|49.21|-62.99|-49.21|8|Top Overlay
FOOTPRINT|HDR_2X20_254|2x20 pin header, 2.54 mm pitch, through-hole
PAD|1|-950.00|50.00|0|Multi-Layer|1|39.37|0|0|0|64.96|64.96|2
PAD|2|-950.00|-50.00|0|Multi-Layer|1|39.37|0|0|0|64.96|64.96|1
PAD|3|-850.00|50.00|0|Multi-Layer|1|39.37|0|0|0|64.96|64.96|1
PAD|4|-850.00|-50.00|0|Multi-Layer|1|39.37|0|0|0|64.96|64.96|1
PAD|5|-750.00|50.00|0|Multi-Layer|1|39.37|0|0|0|64.96|64.96|1
PAD|6|-750.00|-50.00|0|Multi-Layer|1|39.37|0|0|0|64.96|64.96|1
PAD|7|-650.00|50.00|0|Multi-Layer|1|39.37|0|0|0|64.96|64.96|1
PAD|8|-650.00|-50.00|0|Multi-Layer|1|39.37|0|0|0|64.96|64.96|1
PAD|9|-550.00|50.00|0|Multi-Layer|1|39.37|0|0|0|64.96|64.96|1
PAD|10|-550.00|-50.00|0|Multi-Layer|1|39.37|0|0|0|64.96|64.96|1
PAD|11|-450.00|50.00|0|Multi-Layer|1|39.37|0|0|0|64.96|64.96|1
PAD|12|-450.00|-50.00|0|Multi-Layer|1|39.37|0|0|0|64.96|64.96|1
PAD|13|-350.00|50.00|0|Multi-Layer|1|39.37|0|0|0|64.96|64.96|1
PAD|14|-350.00|-50.00|0|Multi-Layer|1|39.37|0|0|0|64.96|64.96|1
PAD|15|-250.00|50.00|0|Multi-Layer|1|39.37|0|0|0|64.96|64.96|1
PAD|16|-250.00|-50.00|0|Multi-Layer|1|39.37|0|0|0|64.96|64.96|1
PAD|17|-150.00|50.00|0|Multi-Layer|1|39.37|0|0|0|64.96|64.96|1
PAD|18|-150.00|-50.00|0|Multi-Layer|1|39.37|0|0|0|64.96|64.96|1
PAD|19|-50.00|50.00|0|Multi-Layer|1|39.37|0|0|0|64.96|64.96|1
PAD|20|-50.00|-50.00|0|Multi-Layer|1|39.37|0|0|0|64.96|64.96|1
PAD|21|50.00|50.00|0|Multi-Layer|1|39.37|0|0|0|64.96|64.96|1
PAD|22|50.00|-50.00|0|Multi-Layer|1|39.37|0|0|0|64.96|64.96|1
PAD|23|150.00|50.00|0|Multi-Layer|1|39.37|0|0|0|64.96|64.96|1
PAD|24|150.00|-50.00|0|Multi-Layer|1|39.37|0|0|0|64.96|64.96|1
PAD|25|250.00|50.00|0|Multi-Layer|1|39.37|0|0|0|64.96|64.96|1
PAD|26|250.00|-50.00|0|Multi-Layer|1|39.37|0|0|0|64.96|64.96|1
PAD|27|350.00|50.00|0|Multi-Layer|1|39.37|0|0|0|64.96|64.96|1
PAD|28|350.00|-50.00|0|Multi-Layer|1|39.37|0|0|0|64.96|64.96|1
PAD|29|450.00|50.00|0|Multi-Layer|1|39.37|0|0|0|64.96|64.96|1
PAD|30|450.00|-50.00|0|Multi-Layer|1|39.37|0|0|0|64.96|64.96|1
PAD|31|550.00|50.00|0|Multi-Layer|1|39.37|0|0|0|64.96|64.96|1
PAD|32|550.00|-50.00|0|Multi-Layer|1|39.37|0|0|0|64.96|64.96|1
PAD|33|650.00|50.00|0|Multi-Layer|1|39.37|0|0|0|64.96|64.96|1
PAD|34|650.00|-50.00|0|Multi-Layer|1|39.37|0|0|0|64.96|64.96|1
PAD|35|750.00|50.00|0|Multi-Layer|1|39.37|0|0|0|64.96|64.96|1
PAD|36|750.00|-50.00|0|Multi-Layer|1|39.37|0|0|0|64.96|64.96|1
PAD|37|850.00|50.00|0|Multi-Layer|1|39.37|0|0|0|64.96|64.96|1
PAD|38|850.00|-50.00|0|Multi-Layer|1|39.37|0|0|0|64.96|64.96|1
PAD|39|950.00|50.00|0|Multi-Layer|1|39.37|0|0|0|64.96|64.96|1
PAD|40|950.00|-50.00|0|Multi-Layer|1|39.37|0|0|0|64.96|64.96|1
TRACK|-1000.00|-100.00|1000.00|-100.00|8|Top Overlay
TRACK|1000.00|-100.00|1000.00|100.00|8|Top Overlay
TRACK|1000.00|100.00|-1000.00|100.00|8|Top Overlay
TRACK|-1000.00|100.00|-1000.00|-100.00|8|Top Overlay
FOOTPRINT|HDR_2X12_254|2x12 pin header, 2.54 mm pitch, through-hole
PAD|1|-550.00|50.00|0|Multi-Layer|1|39.37|0|0|0|64.96|64.96|2
PAD|2|-550.00|-50.00|0|Multi-Layer|1|39.37|0|0|0|64.96|64.96|1
PAD|3|-450.00|50.00|0|Multi-Layer|1|39.37|0|0|0|64.96|64.96|1
PAD|4|-450.00|-50.00|0|Multi-Layer|1|39.37|0|0|0|64.96|64.96|1
PAD|5|-350.00|50.00|0|Multi-Layer|1|39.37|0|0|0|64.96|64.96|1
PAD|6|-350.00|-50.00|0|Multi-Layer|1|39.37|0|0|0|64.96|64.96|1
PAD|7|-250.00|50.00|0|Multi-Layer|1|39.37|0|0|0|64.96|64.96|1
PAD|8|-250.00|-50.00|0|Multi-Layer|1|39.37|0|0|0|64.96|64.96|1
PAD|9|-150.00|50.00|0|Multi-Layer|1|39.37|0|0|0|64.96|64.96|1
PAD|10|-150.00|-50.00|0|Multi-Layer|1|39.37|0|0|0|64.96|64.96|1
PAD|11|-50.00|50.00|0|Multi-Layer|1|39.37|0|0|0|64.96|64.96|1
PAD|12|-50.00|-50.00|0|Multi-Layer|1|39.37|0|0|0|64.96|64.96|1
PAD|13|50.00|50.00|0|Multi-Layer|1|39.37|0|0|0|64.96|64.96|1
PAD|14|50.00|-50.00|0|Multi-Layer|1|39.37|0|0|0|64.96|64.96|1
PAD|15|150.00|50.00|0|Multi-Layer|1|39.37|0|0|0|64.96|64.96|1
PAD|16|150.00|-50.00|0|Multi-Layer|1|39.37|0|0|0|64.96|64.96|1
PAD|17|250.00|50.00|0|Multi-Layer|1|39.37|0|0|0|64.96|64.96|1
PAD|18|250.00|-50.00|0|Multi-Layer|1|39.37|0|0|0|64.96|64.96|1
PAD|19|350.00|50.00|0|Multi-Layer|1|39.37|0|0|0|64.96|64.96|1
PAD|20|350.00|-50.00|0|Multi-Layer|1|39.37|0|0|0|64.96|64.96|1
PAD|21|450.00|50.00|0|Multi-Layer|1|39.37|0|0|0|64.96|64.96|1
PAD|22|450.00|-50.00|0|Multi-Layer|1|39.37|0|0|0|64.96|64.96|1
PAD|23|550.00|50.00|0|Multi-Layer|1|39.37|0|0|0|64.96|64.96|1
PAD|24|550.00|-50.00|0|Multi-Layer|1|39.37|0|0|0|64.96|64.96|1
TRACK|-600.00|-100.00|600.00|-100.00|8|Top Overlay
TRACK|600.00|-100.00|600.00|100.00|8|Top Overlay
TRACK|600.00|100.00|-600.00|100.00|8|Top Overlay
TRACK|-600.00|100.00|-600.00|-100.00|8|Top Overlay
FOOTPRINT|HDR_1X2_254|2-pin header for shunt, 2.54 mm pitch, through-hole
PAD|1|-50.00|0.00|0|Multi-Layer|1|39.37|0|0|0|64.96|64.96|2
PAD|2|50.00|0.00|0|Multi-Layer|1|39.37|0|0|0|64.96|64.96|1
TRACK|-100.00|-50.00|100.00|-50.00|8|Top Overlay
TRACK|100.00|-50.00|100.00|50.00|8|Top Overlay
TRACK|100.00|50.00|-100.00|50.00|8|Top Overlay
TRACK|-100.00|50.00|-100.00|-50.00|8|Top Overlay
FOOTPRINT|TERM_3P_350|3-position pluggable screw terminal, 3.5 mm pitch
PAD|1|-137.80|0.00|0|Multi-Layer|1|47.24|0|0|0|86.61|86.61|2
PAD|2|0.00|0.00|0|Multi-Layer|1|47.24|0|0|0|86.61|86.61|1
PAD|3|137.80|0.00|0|Multi-Layer|1|47.24|0|0|0|86.61|86.61|1
TRACK|-207.80|-140.00|207.80|-140.00|8|Top Overlay
TRACK|207.80|-140.00|207.80|140.00|8|Top Overlay
TRACK|207.80|140.00|-207.80|140.00|8|Top Overlay
TRACK|-207.80|140.00|-207.80|-140.00|8|Top Overlay
FOOTPRINT|TESTPOINT_60|Test point, 60 mil round pad
PAD|1|0.00|0.00|0|Top Layer|1|0|0|0|0|60.00|60.00|1
